# Matter power spectrum P(k) at redshift z=0
# for k=1.02968e-05 to 1.74227 h/Mpc,
# number of wavenumbers equal to 571
#    1:k (h/Mpc)              2:P (Mpc/h)^3        
       1.029678462499e-05       4.022759999381e+01 
       2.294100135435e-05       8.996584489260e+01 
       3.562816791460e-05       1.397958757440e+02 
       4.839117448692e-05       1.899041321344e+02 
       6.126343646197e-05       2.404308125484e+02 
       7.427918158426e-05       2.915118165246e+02 
       8.747374596905e-05       3.432857566299e+02 
       1.008838827959e-04       3.958957616838e+02 
       1.145480875130e-04       4.494914128068e+02 
       1.285069434184e-04       5.042300141942e+02 
       1.428034914956e-04       5.602780890527e+02 
       1.574836283415e-04       6.178129371012e+02 
       1.725965358911e-04       6.770242251561e+02 
       1.881951463591e-04       7.381156506503e+02 
       2.043366453029e-04       8.013069069915e+02 
       2.210830148690e-04       8.668355659957e+02 
       2.385016179683e-04       9.349592227143e+02 
       2.566658221761e-04       1.005957689679e+03 
       2.756556593414e-04       1.080135307989e+03 
       2.955585129606e-04       1.157823297956e+03 
       3.164698200100e-04       1.239382073577e+03 
       3.384937668103e-04       1.325203476557e+03 
       3.617439492778e-04       1.415712733472e+03 
       3.863439563442e-04       1.511370010138e+03 
       4.124278213169e-04       1.612671281616e+03 
       4.401402697669e-04       1.720148274248e+03 
       4.696366749954e-04       1.834367057453e+03 
       5.010826149538e-04       1.955924905503e+03 
       5.346529105223e-04       2.085444962617e+03 
       5.705300185709e-04       2.223568195045e+03 
       6.089016599121e-04       2.370942259360e+03 
       6.499575887004e-04       2.528206942354e+03 
       6.938854623560e-04       2.695976160269e+03 
       7.408658535478e-04       2.874816764758e+03 
       7.910665566774e-04       3.065224965312e+03 
       8.446364708579e-04       3.267601569772e+03 
       9.016994697934e-04       3.482227915340e+03 
       9.623487679107e-04       3.709244502023e+03 
       1.026642330486e-03       3.948634736443e+03 
       1.094599829160e-03       4.200215620795e+03 
       1.166201506452e-03       4.463636925821e+03 
       1.241389101151e-03       4.738385129058e+03 
       1.320068740543e-03       5.023770062586e+03 
       1.402115476663e-03       5.319056821799e+03 
       1.487378978505e-03       5.623379616002e+03 
       1.575689817865e-03       5.935808878961e+03 
       1.666865804990e-03       6.255379696780e+03 
       1.760717921652e-03       6.581117606164e+03 
       1.857055531458e-03       6.912060932658e+03 
       1.955690687980e-03       7.247278819254e+03 
       2.056441485735e-03       7.585884938902e+03 
       2.159134493623e-03       7.927047209452e+03 
       2.263606371501e-03       8.269993540978e+03 
       2.369704801630e-03       8.614014785142e+03 
       2.477288874697e-03       8.958465023467e+03 
       2.586229062659e-03       9.302760180142e+03 
       2.696406894536e-03       9.646375374897e+03 
       2.807714431530e-03       9.988841537328e+03 
       2.920053617895e-03       1.032974135224e+04 
       3.033335565757e-03       1.066870512041e+04 
       3.147479816553e-03       1.100540633664e+04 
       3.262413609084e-03       1.133955751351e+04 
       3.378071174293e-03       1.167090624865e+04 
       3.494393069385e-03       1.199923234329e+04 
       3.611325558365e-03       1.232434377236e+04 
       3.728820042185e-03       1.264607366270e+04 
       3.846832538931e-03       1.296427739282e+04 
       3.965323212701e-03       1.327883025195e+04 
       4.084255948713e-03       1.358962528080e+04 
       4.203597971497e-03       1.389657137932e+04 
       4.323319502750e-03       1.419959172048e+04 
       4.443393455336e-03       1.449862213300e+04 
       4.563795159974e-03       1.479360973338e+04 
       4.684502121346e-03       1.508451184931e+04 
       4.805493800547e-03       1.537129484581e+04 
       4.926751421058e-03       1.565393313321e+04 
       5.048257795685e-03       1.593240820927e+04 
       5.169997172124e-03       1.620670589805e+04 
       5.291955095089e-03       1.647682002663e+04 
       5.414118283138e-03       1.674275013775e+04 
       5.536474518534e-03       1.700449888560e+04 
       5.659012548684e-03       1.726207225884e+04 
       5.781721997845e-03       1.751547981279e+04 
       5.904593287947e-03       1.776473405277e+04 
       6.027617567513e-03       1.800984990139e+04 
       6.150786647784e-03       1.825084474267e+04 
       6.274092945242e-03       1.848773807621e+04 
       6.397529429832e-03       1.872055131050e+04 
       6.521089578271e-03       1.894930759958e+04 
       6.644767331888e-03       1.917403162074e+04 
       6.768557058502e-03       1.939474949674e+04 
       6.892453517931e-03       1.961148869685e+04 
       7.016451830727e-03       1.982427754128e+04 
       7.140547449819e-03       2.003314527693e+04 
       7.264736134753e-03       2.023812230496e+04 
       7.389013928273e-03       2.043923912859e+04 
       7.513377134992e-03       2.063652713842e+04 
       7.637822301968e-03       2.083001792431e+04 
       7.762346200971e-03       2.101974355471e+04 
       7.886945812296e-03       2.120573599198e+04 
       8.011618309952e-03       2.138802804290e+04 
       8.136361048121e-03       2.156665185660e+04 
       8.261171548744e-03       2.174164025217e+04 
       8.386047490135e-03       2.191302621536e+04 
       8.510986696537e-03       2.208084257368e+04 
       8.635987128520e-03       2.224512228647e+04 
       8.761046874156e-03       2.240589857390e+04 
       8.886164140890e-03       2.256320476010e+04 
       9.011337248057e-03       2.271707415987e+04 
       9.136564619980e-03       2.286754015633e+04 
       9.261844779606e-03       2.301463603052e+04 
       9.387176342618e-03       2.315839507301e+04 
       9.512558012010e-03       2.329885049405e+04 
       9.637988573055e-03       2.343603541906e+04 
       9.763466888659e-03       2.356998273612e+04 
       9.888991895053e-03       2.370072527995e+04 
       1.001456259780e-02       2.382829543753e+04 
       1.014017806810e-02       2.395272563623e+04 
       1.026583743937e-02       2.407404788721e+04 
       1.039153990402e-02       2.419229410339e+04 
       1.051728471054e-02       2.430749606852e+04 
       1.064307116073e-02       2.441968554027e+04 
       1.076889860715e-02       2.452889372772e+04 
       1.089476645076e-02       2.463515180039e+04 
       1.102067413867e-02       2.473849101152e+04 
       1.114662116215e-02       2.483894268490e+04 
       1.127260705466e-02       2.493653736615e+04 
       1.139863139013e-02       2.503130587854e+04 
       1.152469378125e-02       2.512327925920e+04 
       1.165079387797e-02       2.521248738537e+04 
       1.177693136605e-02       2.529896100580e+04 
       1.190310596572e-02       2.538272999783e+04 
       1.202931743047e-02       2.546382396652e+04 
       1.215556554588e-02       2.554227291724e+04 
       1.228185012854e-02       2.561810537435e+04 
       1.240817102506e-02       2.569135113507e+04 
       1.253452811115e-02       2.576203800809e+04 
       1.266092129077e-02       2.583019523817e+04 
       1.278735049531e-02       2.589585016995e+04 
       1.291381568288e-02       2.595903135661e+04 
       1.304031683761e-02       2.601976623225e+04 
       1.316685396904e-02       2.607808295157e+04 
       1.329342711152e-02       2.613400886777e+04 
       1.342003632369e-02       2.618757107954e+04 
       1.354668168799e-02       2.623879759386e+04 
       1.367336331021e-02       2.628771493072e+04 
       1.380008131909e-02       2.633435068623e+04 
       1.392683586591e-02       2.637873187811e+04 
       1.405362712424e-02       2.642088482656e+04 
       1.418045528952e-02       2.646083659784e+04 
       1.430732057891e-02       2.649861313390e+04 
       1.443422323097e-02       2.653423956734e+04 
       1.456116350548e-02       2.656774145118e+04 
       1.468814168324e-02       2.659914379250e+04 
       1.481515806596e-02       2.662847109209e+04 
       1.494221297609e-02       2.665574812720e+04 
       1.506930675671e-02       2.668099986929e+04 
       1.519643977149e-02       2.670425077818e+04 
       1.532361240459e-02       2.672552485223e+04 
       1.545082506067e-02       2.674484617995e+04 
       1.557807816483e-02       2.676223896218e+04 
       1.570537216266e-02       2.677772709045e+04 
       1.583270752023e-02       2.679133402933e+04 
       1.596008472416e-02       2.680308308251e+04 
       1.608750428170e-02       2.681299756363e+04 
       1.621496672078e-02       2.682110069363e+04 
       1.634247259014e-02       2.682741558429e+04 
       1.647002245945e-02       2.683196512862e+04 
       1.659761691944e-02       2.683477195990e+04 
       1.672525658208e-02       2.683585855220e+04 
       1.685294208073e-02       2.683524737535e+04 
       1.698067407034e-02       2.683296072930e+04 
       1.710845322766e-02       2.682902081340e+04 
       1.723628025149e-02       2.682344973505e+04 
       1.736415586288e-02       2.681626943608e+04 
       1.749208080541e-02       2.680750178053e+04 
       1.762005584548e-02       2.679716844350e+04 
       1.774808177257e-02       2.678529099480e+04 
       1.787615939959e-02       2.677189094589e+04 
       1.800428956315e-02       2.675698959826e+04 
       1.813247312398e-02       2.674060824874e+04 
       1.826071096720e-02       2.672276793714e+04 
       1.838900400276e-02       2.670348976805e+04 
       1.851735316580e-02       2.668279459648e+04 
       1.864575941708e-02       2.666070327051e+04 
       1.877422374340e-02       2.663723644541e+04 
       1.890274715802e-02       2.661241467674e+04 
       1.903133070116e-02       2.658625843410e+04 
       1.915997544046e-02       2.655878802683e+04 
       1.928868247147e-02       2.653002365119e+04 
       1.941745291818e-02       2.649998543125e+04 
       1.954628793356e-02       2.646869328657e+04 
       1.967518870009e-02       2.643616705642e+04 
       1.980415643035e-02       2.640242641469e+04 
       1.993319236763e-02       2.636749096326e+04 
       2.006229778650e-02       2.633138008480e+04 
       2.019147399348e-02       2.629411308747e+04 
       2.032072232770e-02       2.625570920779e+04 
       2.045004416154e-02       2.621618731888e+04 
       2.057944090136e-02       2.617556628766e+04 
       2.070891398824e-02       2.613386480804e+04 
       2.083846489866e-02       2.609110137831e+04 
       2.096809514534e-02       2.604729436264e+04 
       2.109780627799e-02       2.600246199120e+04 
       2.122759988417e-02       2.595662228440e+04 
       2.135747759007e-02       2.590979318719e+04 
       2.148744106147e-02       2.586199250767e+04 
       2.161749200456e-02       2.581323785869e+04 
       2.174763216691e-02       2.576354669536e+04 
       2.187786333843e-02       2.571293623022e+04 
       2.200818735232e-02       2.566142344733e+04 
       2.213860608615e-02       2.560902526425e+04 
       2.226912146285e-02       2.555575841817e+04 
       2.239973545183e-02       2.550163960021e+04 
       2.253045007007e-02       2.544668546183e+04 
       2.266126738331e-02       2.539091235011e+04 
       2.279218950720e-02       2.533433633410e+04 
       2.292321860854e-02       2.527697324804e+04 
       2.305435690657e-02       2.521883895350e+04 
       2.318560667422e-02       2.515994920757e+04 
       2.331697023951e-02       2.510031974307e+04 
       2.344844998690e-02       2.503996620097e+04 
       2.358004835877e-02       2.497890360642e+04 
       2.371176785684e-02       2.491714699930e+04 
       2.384361104373e-02       2.485471134506e+04 
       2.397558054454e-02       2.479161171504e+04 
       2.410767904848e-02       2.472786313513e+04 
       2.423990931052e-02       2.466348005623e+04 
       2.437227415314e-02       2.459847665821e+04 
       2.450477646816e-02       2.453286730595e+04 
       2.463741921853e-02       2.446666639649e+04 
       2.477020544027e-02       2.439988834360e+04 
       2.490313824447e-02       2.433254678983e+04 
       2.503622081928e-02       2.426465525491e+04 
       2.516945643208e-02       2.419622749750e+04 
       2.530284843160e-02       2.412727745584e+04 
       2.543640025025e-02       2.405781847990e+04 
       2.557011540638e-02       2.398786340747e+04 
       2.570399750676e-02       2.391742530546e+04 
       2.583805024902e-02       2.384651748428e+04 
       2.597227742428e-02       2.377515294495e+04 
       2.610668291982e-02       2.370334383567e+04 
       2.624127072182e-02       2.363110253858e+04 
       2.637604491828e-02       2.355844183048e+04 
       2.651100970194e-02       2.348537407874e+04 
       2.664616937338e-02       2.341191077210e+04 
       2.678152834424e-02       2.333806366679e+04 
       2.691709114049e-02       2.326384503015e+04 
       2.705286240585e-02       2.318926638253e+04 
       2.718884690541e-02       2.311433854114e+04 
       2.732504952923e-02       2.303907277489e+04 
       2.746147529624e-02       2.296348080920e+04 
       2.759812935818e-02       2.288757305660e+04 
       2.773501700372e-02       2.281135983662e+04 
       2.787214366276e-02       2.273485206256e+04 
       2.800951491085e-02       2.265806052901e+04 
       2.814713647385e-02       2.258099471411e+04 
       2.828501423268e-02       2.250366458562e+04 
       2.842315422836e-02       2.242608075574e+04 
       2.856156266718e-02       2.234825253621e+04 
       2.870024592609e-02       2.227018901097e+04 
       2.883921055835e-02       2.219190005266e+04 
       2.897846329934e-02       2.211339512925e+04 
       2.911801107266e-02       2.203468256010e+04 
       2.925786099652e-02       2.195577142965e+04 
       2.939802039025e-02       2.187667116736e+04 
       2.953849678130e-02       2.179738954011e+04 
       2.967929791234e-02       2.171793493235e+04 
       2.982043174875e-02       2.163831639350e+04 
       2.996190648650e-02       2.155854150551e+04 
       3.010373056022e-02       2.147861785475e+04 
       3.024591265180e-02       2.139855402040e+04 
       3.038846169919e-02       2.131835746334e+04 
       3.053138690577e-02       2.123803500312e+04 
       3.067469775002e-02       2.115759475534e+04 
       3.081840399570e-02       2.107704391921e+04 
       3.096251570245e-02       2.099638879653e+04 
       3.110704323693e-02       2.091563680912e+04 
       3.125199728446e-02       2.083479494473e+04 
       3.139738886121e-02       2.075386892100e+04 
       3.154322932698e-02       2.067286558843e+04 
       3.168953039858e-02       2.059179158155e+04 
       3.183630416391e-02       2.051065206095e+04 
       3.198356309668e-02       2.042945333483e+04 
       3.213132007190e-02       2.034820159622e+04 
       3.227958838212e-02       2.026690143727e+04 
       3.242838175453e-02       2.018555862866e+04 
       3.257771436888e-02       2.010417884801e+04 
       3.272760087641e-02       2.002276617311e+04 
       3.287805641971e-02       1.994132581746e+04 
       3.302909665362e-02       1.985986292849e+04 
       3.318073776732e-02       1.977838098304e+04 
       3.333299650753e-02       1.969688470933e+04 
       3.348589020305e-02       1.961537865907e+04 
       3.363943679058e-02       1.953386579105e+04 
       3.379365484207e-02       1.945235029143e+04 
       3.394856359351e-02       1.937083609491e+04 
       3.410418297549e-02       1.928932562464e+04 
       3.426053364537e-02       1.920782258071e+04 
       3.441763702146e-02       1.912633027313e+04 
       3.457551531919e-02       1.904485060837e+04 
       3.473419158935e-02       1.896338676220e+04 
       3.489368975878e-02       1.888194141316e+04 
       3.505403467342e-02       1.880051595721e+04 
       3.521525214414e-02       1.871911302866e+04 
       3.537736899536e-02       1.863773470882e+04 
       3.554041311677e-02       1.855638177610e+04 
       3.570441351839e-02       1.847505639109e+04 
       3.586940038922e-02       1.839375992528e+04 
       3.603540515972e-02       1.831249265845e+04 
       3.620246056846e-02       1.823125602008e+04 
       3.637060073331e-02       1.815005081901e+04 
       3.653986122749e-02       1.806887667184e+04 
       3.671027916086e-02       1.798773428077e+04 
       3.688189326698e-02       1.790662385212e+04 
       3.705474399634e-02       1.782554423845e+04 
       3.722887361635e-02       1.774449530387e+04 
       3.740432631868e-02       1.766347666121e+04 
       3.758114833449e-02       1.758248639277e+04 
       3.775938805849e-02       1.750152333176e+04 
       3.793909618237e-02       1.742058649242e+04 
       3.812032583865e-02       1.733967312972e+04 
       3.830313275586e-02       1.725878097929e+04 
       3.848757542617e-02       1.717790822035e+04 
       3.867371528656e-02       1.709705148857e+04 
       3.886161691504e-02       1.701620725621e+04 
       3.905134824325e-02       1.693537264266e+04 
       3.924298078722e-02       1.685454372523e+04 
       3.943658989809e-02       1.677371569832e+04 
       3.963225503493e-02       1.669288425990e+04 
       3.983006006192e-02       1.661204494649e+04 
       4.003009357269e-02       1.653119176824e+04 
       4.023244924460e-02       1.645031877206e+04 
       4.043722622654e-02       1.636942023354e+04 
       4.064452956380e-02       1.628848950465e+04 
       4.085447066462e-02       1.620751885655e+04 
       4.106716781307e-02       1.612650057589e+04 
       4.128274673395e-02       1.604542679373e+04 
       4.150134121616e-02       1.596428863398e+04 
       4.172309380166e-02       1.588307610747e+04 
       4.194815654853e-02       1.580177898485e+04 
       4.217669187767e-02       1.572038655111e+04 
       4.240887351424e-02       1.563888728739e+04 
       4.264488753665e-02       1.555726830512e+04 
       4.288493354789e-02       1.547551593929e+04 
       4.312922598653e-02       1.539361576032e+04 
       4.337799559741e-02       1.531155240565e+04 
       4.363149108545e-02       1.522930941140e+04 
       4.388998098034e-02       1.514686883213e+04 
       4.415375574419e-02       1.506421133858e+04 
       4.442313016066e-02       1.498131631444e+04 
       4.469844605069e-02       1.489816151530e+04 
       4.498007536866e-02       1.481472302483e+04 
       4.526842374327e-02       1.473097492558e+04 
       4.556393453995e-02       1.464688914199e+04 
       4.586709353721e-02       1.456243508320e+04 
       4.617843432855e-02       1.447757945093e+04 
       4.649854458492e-02       1.439228569906e+04 
       4.682807334248e-02       1.430651378804e+04 
       4.716773951640e-02       1.422021956722e+04 
       4.751834188774e-02       1.413335423125e+04 
       4.788077086733e-02       1.404586352047e+04 
       4.825602241354e-02       1.395768691203e+04 
       4.864521457209e-02       1.386875651754e+04 
       4.904960722284e-02       1.377899580611e+04 
       4.947062576637e-02       1.368831809155e+04 
       4.990988967217e-02       1.359662428110e+04 
       5.036924705103e-02       1.350379907951e+04 
       5.085081672031e-02       1.340970860431e+04 
       5.135703961792e-02       1.331419622786e+04 
       5.189074190593e-02       1.321707342749e+04 
       5.245521269957e-02       1.311811592516e+04 
       5.305430006443e-02       1.301704815972e+04 
       5.369252971183e-02       1.291353233776e+04 
       5.437525158826e-02       1.280714458292e+04 
       5.510882004764e-02       1.269734579847e+04 
       5.590081296009e-02       1.258343987366e+04 
       5.676029281201e-02       1.246451391516e+04 
       5.769810637238e-02       1.233935500686e+04 
       5.872720475996e-02       1.220632986217e+04 
       5.986293580763e-02       1.206321857000e+04 
       6.112320524551e-02       1.190698722212e+04 
       6.252831176405e-02       1.173351347808e+04 
       6.410013577024e-02       1.153730083288e+04 
       6.586025374940e-02       1.131129922887e+04 
       6.782661913669e-02       1.104712535002e+04 
       7.000897675403e-02       1.073605628838e+04 
       7.240431208752e-02       1.037111282920e+04 
       7.499477244249e-02       9.949958510654e+03 
       7.775010392439e-02       9.477444623379e+03 
       8.063403978138e-02       8.966300977347e+03 
       8.361142413128e-02       8.435393346593e+03 
       8.665295112594e-02       7.906343481766e+03 
       8.973668994080e-02       7.399930842393e+03 
       9.284740995291e-02       6.933320489556e+03 
       9.597504778985e-02       6.518489377867e+03 
       9.911316500976e-02       6.161753779201e+03 
       1.001428571429e-01       6.057814900458e+03 
       1.022577253183e-01       5.864097683161e+03 
       1.054062300960e-01       5.621966304112e+03 
       1.085571445056e-01       5.428266638862e+03 
       1.117095301004e-01       5.273411829025e+03 
       1.148628146278e-01       5.146358534932e+03 
       1.180166496330e-01       5.035629303352e+03 
       1.211708230532e-01       4.930317892437e+03 
       1.243252058133e-01       4.821033179626e+03 
       1.274797192880e-01       4.700688948931e+03 
       1.306343155096e-01       4.565029133547e+03 
       1.337889651412e-01       4.412800621664e+03 
       1.369436501710e-01       4.245545754041e+03 
       1.400983594770e-01       4.067072706713e+03 
       1.432530861335e-01       3.882708774021e+03 
       1.464078257752e-01       3.698471310503e+03 
       1.495625756030e-01       3.520282179770e+03 
       1.527173337805e-01       3.353317142833e+03 
       1.558720990654e-01       3.201545194631e+03 
       1.590268705863e-01       3.067474132101e+03 
       1.621816477053e-01       2.952087476770e+03 
       1.653364299341e-01       2.854937517029e+03 
       1.684912168829e-01       2.774350205443e+03 
       1.716460082282e-01       2.707700769458e+03 
       1.748008036927e-01       2.651726231275e+03 
       1.779556030328e-01       2.602940260010e+03 
       1.811104060306e-01       2.558431071027e+03 
       1.842652124882e-01       2.514066969203e+03 
       1.874200222245e-01       2.467023553697e+03 
       1.905748350720e-01       2.415299285325e+03 
       1.937296508759e-01       2.357863587353e+03 
       1.968844694916e-01       2.294674122515e+03 
       2.000392907845e-01       2.226557918484e+03 
       2.031941146283e-01       2.154984636301e+03 
       2.063489409051e-01       2.081791639640e+03 
       2.095037695039e-01       2.008919700644e+03 
       2.126586003205e-01       1.938199741302e+03 
       2.158134332568e-01       1.871204629284e+03 
       2.189682682206e-01       1.809157270737e+03 
       2.221231051249e-01       1.752877787075e+03 
       2.252779438876e-01       1.702756823614e+03 
       2.284327844310e-01       1.658752453650e+03 
       2.315876266821e-01       1.620416233361e+03 
       2.347424705713e-01       1.586954416899e+03 
       2.378973160332e-01       1.557323481975e+03 
       2.410521630056e-01       1.530349103884e+03 
       2.442070114295e-01       1.504850280456e+03 
       2.473618612491e-01       1.479749430164e+03 
       2.505167124113e-01       1.454155187139e+03 
       2.536715648658e-01       1.427413890109e+03 
       2.568264185645e-01       1.399133858069e+03 
       2.599812734620e-01       1.369189105865e+03 
       2.631361295149e-01       1.337706412428e+03 
       2.662909866817e-01       1.305035942539e+03 
       2.694458449233e-01       1.271702424889e+03 
       2.726007042021e-01       1.238336759307e+03 
       2.757555644822e-01       1.205595185888e+03 
       2.789104257296e-01       1.174079923772e+03 
       2.820652879114e-01       1.144273902676e+03 
       2.852201509967e-01       1.116501323900e+03 
       2.883750149556e-01       1.090917808235e+03 
       2.915298797594e-01       1.067521869332e+03 
       2.946847453811e-01       1.046181397380e+03 
       2.978396117944e-01       1.026662562590e+03 
       3.009944789744e-01       1.008657590410e+03 
       3.041493468969e-01       9.918107505989e+02 
       3.073042155392e-01       9.757447890027e+02 
       3.104590848790e-01       9.600913838168e+02 
       3.136139548953e-01       9.445233561294e+02 
       3.167688255678e-01       9.287848007928e+02 
       3.199236968768e-01       9.127121761968e+02 
       3.230785688038e-01       8.962405635108e+02 
       3.262334413306e-01       8.793963286571e+02 
       3.293883144400e-01       8.622772102022e+02 
       3.325431881153e-01       8.450296919707e+02 
       3.356980623405e-01       8.278269232535e+02 
       3.388529371001e-01       8.108510156274e+02 
       3.420078123793e-01       7.942799781664e+02 
       3.451626881637e-01       7.782750138849e+02 
       3.483175644396e-01       7.629677664728e+02 
       3.514724411938e-01       7.484481394140e+02 
       3.546273184133e-01       7.347545439344e+02 
       3.577821960858e-01       7.218706659228e+02 
       3.609370741993e-01       7.097311439432e+02 
       3.640919527425e-01       6.982344307908e+02 
       3.672468317040e-01       6.872594167195e+02 
       3.704017110733e-01       6.766816185760e+02 
       3.735565908399e-01       6.663852856403e+02 
       3.767114709938e-01       6.562700721735e+02 
       3.798663515253e-01       6.462537961267e+02 
       3.830212324251e-01       6.362737960383e+02 
       3.861761136840e-01       6.262889313350e+02 
       3.893309952934e-01       6.162819769152e+02 
       3.924858772447e-01       6.062609332522e+02 
       3.956407595297e-01       5.962572196327e+02 
       3.987956421404e-01       5.863197666099e+02 
       4.019505250693e-01       5.765060160529e+02 
       4.051054083088e-01       5.668723533950e+02 
       4.082602918516e-01       5.574667082960e+02 
       4.114151756908e-01       5.483250319272e+02 
       4.145700598196e-01       5.394713940509e+02 
       4.177249442314e-01       5.309199302311e+02 
       4.208798289198e-01       5.226764707360e+02 
       4.240347138786e-01       5.147385733842e+02 
       4.271895991018e-01       5.070942192153e+02 
       4.303444845836e-01       4.997206578465e+02 
       4.334993703183e-01       4.925851014346e+02 
       4.366542563003e-01       4.856480377338e+02 
       4.398091425244e-01       4.788685071691e+02 
       4.429640289854e-01       4.722095994484e+02 
       4.461189156782e-01       4.656423032922e+02 
       4.492738025979e-01       4.591467306421e+02 
       4.524286897398e-01       4.527110598326e+02 
       4.555835770992e-01       4.463295548064e+02 
       4.587384646716e-01       4.400011440211e+02 
       4.618933524527e-01       4.337292711064e+02 
       4.650482404381e-01       4.275225999471e+02 
       4.682031286238e-01       4.213953904706e+02 
       4.713580170057e-01       4.153664129829e+02 
       4.745129055798e-01       4.094560847745e+02 
       4.776677943424e-01       4.036825908231e+02 
       4.808226832897e-01       3.980583976537e+02 
       4.839775724182e-01       3.925884813532e+02 
       4.871324617242e-01       3.872707501261e+02 
       4.902873512043e-01       3.820981040447e+02 
       4.934422408553e-01       3.770608979551e+02 
       4.965971306737e-01       3.721486406687e+02 
       4.997520206565e-01       3.673504473872e+02 
       5.029069108005e-01       3.626546442444e+02 
       5.060618011028e-01       3.580484434498e+02 
       5.092166915603e-01       3.535185040720e+02 
       5.123715821702e-01       3.490525415016e+02 
       5.155264729296e-01       3.446413904146e+02 
       5.186813638359e-01       3.402805111090e+02 
       5.218362548864e-01       3.359701299011e+02 
       5.249911460785e-01       3.317139381598e+02 
       5.281460374095e-01       3.275169719739e+02 
       5.313009288771e-01       3.233836826753e+02 
       5.344558204788e-01       3.193170205713e+02 
       5.376107122122e-01       3.153187202285e+02 
       5.407656040751e-01       3.113902729525e+02 
       5.439204960651e-01       3.075337193506e+02 
       5.470753881801e-01       3.037516699553e+02 
       5.502302804179e-01       3.000464386258e+02 
       5.533851727765e-01       2.964187782814e+02 
       5.565400652536e-01       2.928670062439e+02 
       5.596949578474e-01       2.893870639622e+02 
       5.628498505558e-01       2.859734883817e+02 
       5.660047433770e-01       2.826208836353e+02 
       5.691596363091e-01       2.793250432586e+02 
       5.723145293502e-01       2.760832082985e+02 
       5.754694224985e-01       2.728934671822e+02 
       5.786243157522e-01       2.697537590196e+02 
       5.817792091097e-01       2.666613114003e+02 
       5.849341025693e-01       2.636128055587e+02 
       5.880889961293e-01       2.606052100752e+02 
       5.912438897881e-01       2.576367503088e+02 
       5.943987835441e-01       2.547074696924e+02 
       5.975536773958e-01       2.518190823322e+02 
       6.007085713417e-01       2.489740417425e+02 
       6.038634653803e-01       2.461743411983e+02 
       6.070183595101e-01       2.434206691916e+02 
       6.101732537297e-01       2.407124667896e+02 
       6.133281480378e-01       2.380485686815e+02 
       6.164830424329e-01       2.354279646458e+02 
       6.196379369138e-01       2.328502259595e+02 
       6.557677903664e-01       2.060769892770e+02 
       6.992190796608e-01       1.792015386051e+02 
       7.540128170676e-01       1.518742593476e+02 
       8.279655739005e-01       1.234571982779e+02 
       9.373993562094e-01       9.349299742905e+01 
       1.113716873617e+00       6.319833157736e+01 
       1.384720702787e+00       3.819895460064e+01 
       1.742274435033e+00       2.225047579142e+01 
