# Matter power spectrum P(k) at redshift z=0
# for k=1.03246e-05 to 8.71643 h/Mpc,
# number of wavenumbers equal to 619
#    1:k (h/Mpc)              2:P (Mpc/h)^3        
       1.032457087446e-05       6.732753786519e+04 
       2.270936256741e-05       5.017395089526e+03 
       3.513510792130e-05       8.793822896469e+02 
       4.763270990680e-05       1.549164039358e+02 
       6.023354990453e-05       8.908427485856e+00 
       7.296974645801e-05       9.739231043137e+00 
       8.587442176985e-05       5.607491906233e+01 
       9.898197923523e-05       1.176484239082e+02 
       1.123283953328e-04       1.843701853187e+02 
       1.259515292234e-04       2.523881754978e+02 
       1.398914534206e-04       3.205152611926e+02 
       1.541908088747e-04       3.885054223399e+02 
       1.688951877135e-04       4.563394566080e+02 
       1.840535466704e-04       5.243597506220e+02 
       1.997186538390e-04       5.928391699234e+02 
       2.159475707457e-04       6.621608851007e+02 
       2.328021707201e-04       7.326313552141e+02 
       2.503496930405e-04       8.046654318975e+02 
       2.686633301603e-04       8.785844310885e+02 
       2.878228422860e-04       9.547817820652e+02 
       3.079151894253e-04       1.033656020247e+03 
       3.290351654966e-04       1.115584006809e+03 
       3.512860118978e-04       1.201046434296e+03 
       3.747799788429e-04       1.290455452789e+03 
       3.996387916451e-04       1.384310869739e+03 
       4.259939660340e-04       1.483117344905e+03 
       4.539869020099e-04       1.587448860837e+03 
       4.837686706971e-04       1.697868244969e+03 
       5.154993950485e-04       1.815004063273e+03 
       5.493471160116e-04       1.939516475560e+03 
       5.854860349954e-04       2.072085072398e+03 
       6.240940363009e-04       2.213418938563e+03 
       6.653494250696e-04       2.364238530210e+03 
       7.094268718262e-04       2.525264468106e+03 
       7.564926354734e-04       2.697198919038e+03 
       8.066992389053e-04       2.880711815323e+03 
       8.601798840733e-04       3.076404190160e+03 
       9.170429972004e-04       3.284801904829e+03 
       9.773673650885e-04       3.506310147879e+03 
       1.041198335401e-03       3.741202713093e+03 
       1.108545491160e-03       3.989585004312e+03 
       1.179382072442e-03       4.251394775384e+03 
       1.253646226271e-03       4.526358847319e+03 
       1.331243955224e-03       4.813991211200e+03 
       1.412053448754e-03       5.113684415459e+03 
       1.495930354334e-03       5.424623088803e+03 
       1.582713496697e-03       5.745813024831e+03 
       1.672230580614e-03       6.076174966771e+03 
       1.764303497217e-03       6.414496457727e+03 
       1.858752968889e-03       6.759536885086e+03 
       1.955402387132e-03       7.110044857643e+03 
       2.054080802247e-03       7.464780925970e+03 
       2.154625102492e-03       7.822590868139e+03 
       2.256881471335e-03       8.182368390473e+03 
       2.360706237379e-03       8.543123537115e+03 
       2.465966238318e-03       8.904018623815e+03 
       2.572538814128e-03       9.264280781434e+03 
       2.680311531147e-03       9.623308561891e+03 
       2.789181722001e-03       9.980554368356e+03 
       2.899055909246e-03       1.033564730705e+04 
       3.009849164939e-03       1.068821370987e+04 
       3.121484444798e-03       1.103797102762e+04 
       3.233891924499e-03       1.138474899078e+04 
       3.347008356896e-03       1.172830567255e+04 
       3.460776462219e-03       1.206856256444e+04 
       3.575144358294e-03       1.240529676149e+04 
       3.690065034234e-03       1.273846534692e+04 
       3.805495868495e-03       1.306791768859e+04 
       3.921398190502e-03       1.339357599269e+04 
       4.037736883923e-03       1.371537203334e+04 
       4.154480029032e-03       1.403319630930e+04 
       4.271598581237e-03       1.434705731076e+04 
       4.389066082739e-03       1.465680572985e+04 
       4.506858404288e-03       1.496255622369e+04 
       4.624953514138e-03       1.526410910985e+04 
       4.743331271448e-03       1.556157373125e+04 
       4.861973241596e-03       1.585482656414e+04 
       4.980862531074e-03       1.614400331720e+04 
       5.099983639857e-03       1.642900046904e+04 
       5.219322329329e-03       1.670977346999e+04 
       5.338865504063e-03       1.698646908813e+04 
       5.458601105936e-03       1.725899291689e+04 
       5.578518019188e-03       1.752730676508e+04 
       5.698605985250e-03       1.779168250149e+04 
       5.818855526237e-03       1.805190705638e+04 
       5.939257876163e-03       1.830807395175e+04 
       6.059804919043e-03       1.856016781112e+04 
       6.180489133113e-03       1.880822514388e+04 
       6.301303540524e-03       1.905227621044e+04 
       6.422241661910e-03       1.929235238032e+04 
       6.543297475323e-03       1.952851176455e+04 
       6.664465379064e-03       1.976068429447e+04 
       6.785740157999e-03       1.998897034020e+04 
       6.907116953014e-03       2.021336781492e+04 
       7.028591233269e-03       2.043397157090e+04 
       7.150158770971e-03       2.065077585661e+04 
       7.271815618424e-03       2.086381336336e+04 
       7.393558087106e-03       2.107307394013e+04 
       7.515382728588e-03       2.127860039943e+04 
       7.637286317118e-03       2.148060486125e+04 
       7.759265833692e-03       2.167878730601e+04 
       7.881318451484e-03       2.187324612555e+04 
       8.003441522503e-03       2.206411928398e+04 
       8.125632565357e-03       2.225155375549e+04 
       8.247889254024e-03       2.243533996068e+04 
       8.370209407540e-03       2.261570847297e+04 
       8.492590980518e-03       2.279256453325e+04 
       8.615032054425e-03       2.296599921054e+04 
       8.737530829540e-03       2.313603173842e+04 
       8.860085617553e-03       2.330271830142e+04 
       8.982694834732e-03       2.346590244338e+04 
       9.105356995612e-03       2.362589190382e+04 
       9.228070707168e-03       2.378258600689e+04 
       9.350834663425e-03       2.393610534712e+04 
       9.473647640474e-03       2.408638443542e+04 
       9.596508491853e-03       2.423331092651e+04 
       9.719416144271e-03       2.437722666388e+04 
       9.842369593642e-03       2.451801612071e+04 
       9.965367901409e-03       2.465566557276e+04 
       1.008841019113e-02       2.479022320590e+04 
       1.021149564530e-02       2.492173823939e+04 
       1.033462350243e-02       2.505022242554e+04 
       1.045779305429e-02       2.517567983681e+04 
       1.058100364335e-02       2.529822807140e+04 
       1.070425466046e-02       2.541782772892e+04 
       1.082754554261e-02       2.553455709766e+04 
       1.095087577090e-02       2.564838845263e+04 
       1.107424486863e-02       2.575934366502e+04 
       1.119765239949e-02       2.586750602090e+04 
       1.132109796599e-02       2.597279230505e+04 
       1.144458120784e-02       2.607544133431e+04 
       1.156810180054e-02       2.617528193817e+04 
       1.169165945409e-02       2.627238482436e+04 
       1.181525391169e-02       2.636668512812e+04 
       1.193888494860e-02       2.645858706977e+04 
       1.206255237110e-02       2.654780621767e+04 
       1.218625601547e-02       2.663447487259e+04 
       1.230999574704e-02       2.671834036944e+04 
       1.243377145936e-02       2.679985161903e+04 
       1.255758307340e-02       2.687874533020e+04 
       1.268143053678e-02       2.695487265029e+04 
       1.280531382314e-02       2.702879093720e+04 
       1.292923293144e-02       2.710043825256e+04 
       1.305318788544e-02       2.716946105570e+04 
       1.317717873312e-02       2.723612108050e+04 
       1.330120554619e-02       2.730032610051e+04 
       1.342526841966e-02       2.736223763097e+04 
       1.354936747141e-02       2.742172324941e+04 
       1.367350284184e-02       2.747900066332e+04 
       1.379767469346e-02       2.753382016017e+04 
       1.392188321068e-02       2.758651440319e+04 
       1.404612859947e-02       2.763700513192e+04 
       1.417041108712e-02       2.768530083455e+04 
       1.429473092205e-02       2.773163691727e+04 
       1.441908837362e-02       2.777558146793e+04 
       1.454348373194e-02       2.781738626985e+04 
       1.466791730778e-02       2.785709285915e+04 
       1.479238943242e-02       2.789434179644e+04 
       1.491690045759e-02       2.792981412773e+04 
       1.504145075540e-02       2.796379808466e+04 
       1.516604071830e-02       2.799529087381e+04 
       1.529067075904e-02       2.802469055911e+04 
       1.541534131072e-02       2.805219479590e+04 
       1.554005282677e-02       2.807778553631e+04 
       1.566480578100e-02       2.810139604040e+04 
       1.578960066768e-02       2.812307264377e+04 
       1.591443800160e-02       2.814260357380e+04 
       1.603931831818e-02       2.816057466573e+04 
       1.616424217356e-02       2.817668328721e+04 
       1.628921014479e-02       2.819088280545e+04 
       1.641422282993e-02       2.820334440498e+04 
       1.653928084822e-02       2.821404555402e+04 
       1.666438484031e-02       2.822302100730e+04 
       1.678953546841e-02       2.823068546272e+04 
       1.691473341655e-02       2.823618320376e+04 
       1.703997939080e-02       2.823977885036e+04 
       1.716527411949e-02       2.824192006694e+04 
       1.729061835356e-02       2.824221178205e+04 
       1.741601286676e-02       2.824095574226e+04 
       1.754145845598e-02       2.823838687167e+04 
       1.766695594160e-02       2.823405000782e+04 
       1.779250616779e-02       2.822818714818e+04 
       1.791811000285e-02       2.822071493907e+04 
       1.804376833962e-02       2.821171517655e+04 
       1.816948209583e-02       2.820120692662e+04 
       1.829525221452e-02       2.818948060522e+04 
       1.842107966443e-02       2.817609293000e+04 
       1.854696544048e-02       2.816120985904e+04 
       1.867291056417e-02       2.814491266455e+04 
       1.879891608411e-02       2.812719491724e+04 
       1.892498307646e-02       2.810816016904e+04 
       1.905111264545e-02       2.808747073516e+04 
       1.917730592392e-02       2.806587982790e+04 
       1.930356407385e-02       2.804276350605e+04 
       1.942988828694e-02       2.801834698747e+04 
       1.955627978516e-02       2.799251796995e+04 
       1.968273982138e-02       2.796555463285e+04 
       1.980926968001e-02       2.793732281228e+04 
       1.993587067760e-02       2.790790586324e+04 
       2.006254416355e-02       2.787712493015e+04 
       2.018929152077e-02       2.784527028508e+04 
       2.031611416639e-02       2.781215765308e+04 
       2.044301355253e-02       2.777799120127e+04 
       2.056999116701e-02       2.774264522797e+04 
       2.069704853417e-02       2.770612232880e+04 
       2.082418721565e-02       2.766841371311e+04 
       2.095140881125e-02       2.762965001724e+04 
       2.107871495975e-02       2.758961069621e+04 
       2.120610733986e-02       2.754916499864e+04 
       2.133358767105e-02       2.750719385413e+04 
       2.146115771457e-02       2.746443264199e+04 
       2.158881927438e-02       2.742045021020e+04 
       2.171657419817e-02       2.737554512121e+04 
       2.184442437838e-02       2.732969270276e+04 
       2.197237175329e-02       2.728289673571e+04 
       2.210041830811e-02       2.723494016954e+04 
       2.222856607610e-02       2.718628379006e+04 
       2.235681713978e-02       2.713670897165e+04 
       2.248517363210e-02       2.708651852341e+04 
       2.261363773769e-02       2.703507539423e+04 
       2.274221169420e-02       2.698289240860e+04 
       2.287089779354e-02       2.692980264848e+04 
       2.299969838335e-02       2.687601115465e+04 
       2.312861586830e-02       2.682138401675e+04 
       2.325765271166e-02       2.676586605423e+04 
       2.338681143674e-02       2.670981622497e+04 
       2.351609462846e-02       2.665284250177e+04 
       2.364550493495e-02       2.659511965303e+04 
       2.377504506923e-02       2.653665400399e+04 
       2.390471781089e-02       2.647762373500e+04 
       2.403452600790e-02       2.641762509819e+04 
       2.416447257839e-02       2.635715085932e+04 
       2.429456051256e-02       2.629591695464e+04 
       2.442479287465e-02       2.623394131481e+04 
       2.455517280493e-02       2.617139908613e+04 
       2.468570352177e-02       2.610807491581e+04 
       2.481638832385e-02       2.604444845322e+04 
       2.494723059233e-02       2.598006952939e+04 
       2.507823379318e-02       2.591511364463e+04 
       2.520940147960e-02       2.584951890356e+04 
       2.534073729440e-02       2.578338995241e+04 
       2.547224497263e-02       2.571665515090e+04 
       2.560392834422e-02       2.564923824591e+04 
       2.573579133665e-02       2.558166799983e+04 
       2.586783797787e-02       2.551349624070e+04 
       2.600007239918e-02       2.544450219306e+04 
       2.613249883829e-02       2.537534080356e+04 
       2.626512164247e-02       2.530538467223e+04 
       2.639794527182e-02       2.523524855618e+04 
       2.653097430265e-02       2.516476569258e+04 
       2.666421343103e-02       2.509354638272e+04 
       2.679766747636e-02       2.502199629631e+04 
       2.693134138524e-02       2.495014541567e+04 
       2.706524023533e-02       2.487771921318e+04 
       2.719936923946e-02       2.480489240417e+04 
       2.733373374985e-02       2.473165312186e+04 
       2.746833926252e-02       2.465822656662e+04 
       2.760319142182e-02       2.458447270119e+04 
       2.773829602523e-02       2.451019046308e+04 
       2.787365902826e-02       2.443542240917e+04 
       2.800928654960e-02       2.436060693616e+04 
       2.814518487645e-02       2.428541146836e+04 
       2.828136047008e-02       2.420949453215e+04 
       2.841781997164e-02       2.413402470342e+04 
       2.855457020813e-02       2.405788927161e+04 
       2.869161819873e-02       2.398146882817e+04 
       2.882897116129e-02       2.390476977873e+04 
       2.896663651919e-02       2.382776368634e+04 
       2.910462190841e-02       2.375050800193e+04 
       2.924293518496e-02       2.367300740494e+04 
       2.938158443261e-02       2.359527892203e+04 
       2.952057797095e-02       2.351732232545e+04 
       2.965992436383e-02       2.343914729738e+04 
       2.979963242818e-02       2.336064341989e+04 
       2.993971124316e-02       2.328212325635e+04 
       3.008017015985e-02       2.320325146613e+04 
       3.022101881122e-02       2.312434784013e+04 
       3.036226712274e-02       2.304508185642e+04 
       3.050392532336e-02       2.296569583876e+04 
       3.064600395701e-02       2.288619115759e+04 
       3.078851389472e-02       2.280643328868e+04 
       3.093146634730e-02       2.272655312723e+04 
       3.107487287855e-02       2.264659559008e+04 
       3.121874541924e-02       2.256645076378e+04 
       3.136309628171e-02       2.248613819197e+04 
       3.150793817520e-02       2.240570078286e+04 
       3.165328422196e-02       2.232514174171e+04 
       3.179914797422e-02       2.224447426886e+04 
       3.194554343195e-02       2.216366281165e+04 
       3.209248506162e-02       2.208273224874e+04 
       3.223998781591e-02       2.200168739174e+04 
       3.238806715448e-02       2.192055948048e+04 
       3.253673906581e-02       2.183940358525e+04 
       3.268602009030e-02       2.175803947670e+04 
       3.283592734456e-02       2.167672472721e+04 
       3.298647854709e-02       2.159525021881e+04 
       3.313769204541e-02       2.151352430469e+04 
       3.328958684462e-02       2.143205074420e+04 
       3.344218263778e-02       2.135031108200e+04 
       3.359549983787e-02       2.126848820134e+04 
       3.374955961170e-02       2.118668438778e+04 
       3.390438391586e-02       2.110475675522e+04 
       3.405999553475e-02       2.102275766272e+04 
       3.421641812095e-02       2.094077329757e+04 
       3.437367623811e-02       2.085869078544e+04 
       3.453179540640e-02       2.077655466413e+04 
       3.469080215092e-02       2.069436905779e+04 
       3.485072405313e-02       2.061211782944e+04 
       3.501158980561e-02       2.052940523306e+04 
       3.517342927042e-02       2.044739384950e+04 
       3.533627354122e-02       2.036500231385e+04 
       3.550015500969e-02       2.028270564373e+04 
       3.566510743635e-02       2.020027271940e+04 
       3.583116602624e-02       2.011778096151e+04 
       3.599836750998e-02       2.003512803519e+04 
       3.616675023038e-02       1.995199860338e+04 
       3.633635423542e-02       1.986990709251e+04 
       3.650722137784e-02       1.978722134287e+04 
       3.667939542214e-02       1.970443104216e+04 
       3.685292215951e-02       1.962121863328e+04 
       3.702784953150e-02       1.953882424438e+04 
       3.720422776315e-02       1.945592061285e+04 
       3.738210950654e-02       1.937254301463e+04 
       3.756154999566e-02       1.928995466009e+04 
       3.774260721371e-02       1.920687487066e+04 
       3.792534207413e-02       1.912377766620e+04 
       3.810981861653e-02       1.904048449990e+04 
       3.829610421915e-02       1.895721595022e+04 
       3.848426982953e-02       1.887385680448e+04 
       3.867439021517e-02       1.879013359295e+04 
       3.886654423644e-02       1.870658808209e+04 
       3.906081514389e-02       1.862270753623e+04 
       3.925729090292e-02       1.853953208716e+04 
       3.945606454846e-02       1.845522924320e+04 
       3.965723457343e-02       1.837100787021e+04 
       3.986090535449e-02       1.828708756893e+04 
       4.006718761969e-02       1.820286638318e+04 
       4.027619896280e-02       1.811864119854e+04 
       4.048806441012e-02       1.803408594330e+04 
       4.070291704610e-02       1.794943540413e+04 
       4.092089870521e-02       1.786429464745e+04 
       4.114216073854e-02       1.777928668072e+04 
       4.136686486487e-02       1.769405113323e+04 
       4.159518411741e-02       1.760814429331e+04 
       4.182730389933e-02       1.752280281799e+04 
       4.206342316295e-02       1.743660483755e+04 
       4.230375573035e-02       1.735033366415e+04 
       4.254853177566e-02       1.726380067016e+04 
       4.279799949304e-02       1.717699910116e+04 
       4.305242697840e-02       1.708998654602e+04 
       4.331210435788e-02       1.700212970032e+04 
       4.357734620206e-02       1.691439453699e+04 
       4.384849427233e-02       1.682609547289e+04 
       4.412592065429e-02       1.673725751028e+04 
       4.441003134390e-02       1.664801732260e+04 
       4.470127036529e-02       1.655848441154e+04 
       4.500012451480e-02       1.646789552603e+04 
       4.530712884582e-02       1.637708915764e+04 
       4.562287303338e-02       1.628557637260e+04 
       4.594800878758e-02       1.619322955691e+04 
       4.628325852278e-02       1.610031771301e+04 
       4.662942553715e-02       1.600624199877e+04 
       4.698740601621e-02       1.591135926843e+04 
       4.735820324946e-02       1.581573678615e+04 
       4.774294454454e-02       1.571902497316e+04 
       4.814290144390e-02       1.562137292788e+04 
       4.855951400350e-02       1.552197645929e+04 
       4.899442008889e-02       1.542136007038e+04 
       4.944949089489e-02       1.531920409764e+04 
       4.992687421216e-02       1.521519148348e+04 
       5.042904736613e-02       1.510921608882e+04 
       5.095888225355e-02       1.500115687495e+04 
       5.151972551286e-02       1.489056867608e+04 
       5.211549758059e-02       1.477702411046e+04 
       5.275081516520e-02       1.466051221577e+04 
       5.343114238531e-02       1.453974719679e+04 
       5.416297616884e-02       1.441481749360e+04 
       5.495407084258e-02       1.428450503771e+04 
       5.581370383953e-02       1.414743244310e+04 
       5.675297657776e-02       1.400274275854e+04 
       5.778512722634e-02       1.384787774484e+04 
       5.892579766505e-02       1.368034764745e+04 
       6.019313484429e-02       1.349650000940e+04 
       6.160750780240e-02       1.329184971679e+04 
       6.319049544615e-02       1.305998227685e+04 
       6.496271729299e-02       1.279313682548e+04 
       6.694022916632e-02       1.248254843119e+04 
       6.912987017492e-02       1.211938512153e+04 
       7.152515614017e-02       1.169824816755e+04 
       7.410521206218e-02       1.121809466101e+04 
       7.683828704731e-02       1.068671373582e+04 
       7.968853233904e-02       1.011988439732e+04 
       8.262261825070e-02       9.538214889623e+03 
       8.561358409893e-02       8.964391878758e+03 
       8.864167505238e-02       8.419447835404e+03 
       9.169336562280e-02       7.919971629767e+03 
       9.475980170611e-02       7.477357176960e+03 
       9.783535188011e-02       7.096156701932e+03 
       1.009164987376e-01       6.776892249954e+03 
       1.040010697723e-01       6.514355077196e+03 
       1.070877322746e-01       6.300632312107e+03 
       1.101756720225e-01       6.125051568832e+03 
       1.132643927182e-01       5.975731387760e+03 
       1.163535922031e-01       5.840571308227e+03 
       1.194430865799e-01       5.708626203986e+03 
       1.225327638893e-01       5.570921289246e+03 
       1.256225558996e-01       5.420709987886e+03 
       1.287124209525e-01       5.254422613362e+03 
       1.318023335399e-01       5.072443410887e+03 
       1.348922779734e-01       4.876029137423e+03 
       1.379822445409e-01       4.670674436554e+03 
       1.410722271718e-01       4.462165701711e+03 
       1.441622220196e-01       4.256390374866e+03 
       1.472522266001e-01       4.059750447591e+03 
       1.503422392675e-01       3.876830804472e+03 
       1.534322588953e-01       3.711634841007e+03 
       1.565222846820e-01       3.566163489663e+03 
       1.596123160318e-01       3.440879041836e+03 
       1.627023524822e-01       3.334705133227e+03 
       1.657923936583e-01       3.245199977833e+03 
       1.688824392457e-01       3.169706117525e+03 
       1.719724889722e-01       3.104375744663e+03 
       1.750625425972e-01       3.045253103919e+03 
       1.781525999043e-01       2.989323205844e+03 
       1.812426606963e-01       2.932926339233e+03 
       1.843327247920e-01       2.873122817250e+03 
       1.874227920241e-01       2.808107587768e+03 
       1.905128622371e-01       2.737113491704e+03 
       1.936029352862e-01       2.660502348962e+03 
       1.966930110360e-01       2.579501899884e+03 
       1.997830893599e-01       2.495873120173e+03 
       2.028731701391e-01       2.411627959625e+03 
       2.059632532623e-01       2.328876894031e+03 
       2.090533386246e-01       2.249581143132e+03 
       2.121434261274e-01       2.175243847074e+03 
       2.152335156778e-01       2.106750147355e+03 
       2.183236071884e-01       2.044825599050e+03 
       2.214137005763e-01       1.989635381852e+03 
       2.245037957636e-01       1.940859318685e+03 
       2.275938926765e-01       1.897737816906e+03 
       2.306839912451e-01       1.859451555995e+03 
       2.337740914034e-01       1.824806529995e+03 
       2.368641930888e-01       1.792541564940e+03 
       2.399542962419e-01       1.761415016550e+03 
       2.430444008063e-01       1.730250423800e+03 
       2.461345067286e-01       1.698351426343e+03 
       2.492246139579e-01       1.665115032431e+03 
       2.523147224460e-01       1.630299188536e+03 
       2.554048321468e-01       1.593922645141e+03 
       2.584949430166e-01       1.556243407740e+03 
       2.615850550138e-01       1.517731233836e+03 
       2.646751680987e-01       1.478970051781e+03 
       2.677652822332e-01       1.440612293134e+03 
       2.708553973815e-01       1.403372111629e+03 
       2.739455135088e-01       1.367731967049e+03 
       2.770356305823e-01       1.334189421914e+03 
       2.801257485706e-01       1.303100243616e+03 
       2.832158674434e-01       1.274403515747e+03 
       2.863059871721e-01       1.248104666464e+03 
       2.893961077290e-01       1.223952819467e+03 
       2.924862290878e-01       1.201584941590e+03 
       2.955763512231e-01       1.180672753887e+03 
       2.986664741108e-01       1.160839296167e+03 
       3.017565977276e-01       1.141545335210e+03 
       3.048467220512e-01       1.122619594963e+03 
       3.079368470603e-01       1.103697380962e+03 
       3.110269727343e-01       1.084516584842e+03 
       3.141170990535e-01       1.065022481105e+03 
       3.172072259990e-01       1.045199629048e+03 
       3.202973535525e-01       1.025041447084e+03 
       3.233874816965e-01       1.004709452180e+03 
       3.264776104142e-01       9.844338292323e+02 
       3.295677396894e-01       9.644003905091e+02 
       3.326578695064e-01       9.448059554063e+02 
       3.357479998502e-01       9.258428136379e+02 
       3.388381307064e-01       9.075812130092e+02 
       3.419282620611e-01       8.901559999178e+02 
       3.450183939006e-01       8.736613904863e+02 
       3.481085262121e-01       8.580270917668e+02 
       3.511986589831e-01       8.432941877800e+02 
       3.542887922015e-01       8.293097525903e+02 
       3.573789258556e-01       8.159564675942e+02 
       3.604690599342e-01       8.031464142992e+02 
       3.635591944264e-01       7.906782524183e+02 
       3.666493293217e-01       7.784823938090e+02 
       3.697394646100e-01       7.663976736805e+02 
       3.728296002814e-01       7.544031253492e+02 
       3.759197363265e-01       7.424419504982e+02 
       3.790098727360e-01       7.304869266775e+02 
       3.821000095012e-01       7.185540473751e+02 
       3.851901466134e-01       7.066967167269e+02 
       3.882802840642e-01       6.949070763857e+02 
       3.913704218458e-01       6.832645969996e+02 
       3.944605599501e-01       6.718189779045e+02 
       3.975506983697e-01       6.606447655942e+02 
       4.006408370973e-01       6.497677203931e+02 
       4.037309761258e-01       6.392203347980e+02 
       4.068211154482e-01       6.290321772526e+02 
       4.099112550579e-01       6.192152984875e+02 
       4.130013949485e-01       6.097257990687e+02 
       4.160915351136e-01       6.005642856840e+02 
       4.191816755472e-01       5.916869033689e+02 
       4.222718162433e-01       5.830916192737e+02 
       4.253619571963e-01       5.747143128335e+02 
       4.284520984004e-01       5.665547139247e+02 
       4.315422398504e-01       5.585398442736e+02 
       4.346323815409e-01       5.506697583944e+02 
       4.377225234668e-01       5.428830857086e+02 
       4.408126656232e-01       5.351853751348e+02 
       4.439028080052e-01       5.275832860674e+02 
       4.469929506082e-01       5.200160468212e+02 
       4.500830934276e-01       5.125578577739e+02 
       4.531732364588e-01       5.051998021224e+02 
       4.562633796977e-01       4.979379242624e+02 
       4.593535231401e-01       4.907909861366e+02 
       4.624436667817e-01       4.837795625336e+02 
       4.655338106186e-01       4.769260393291e+02 
       4.686239546470e-01       4.702123688935e+02 
       4.717140988631e-01       4.636877770769e+02 
       4.748042432632e-01       4.573383800629e+02 
       4.778943878438e-01       4.511560503873e+02 
       4.809845326012e-01       4.451432871110e+02 
       4.840746775323e-01       4.392707096864e+02 
       4.871648226335e-01       4.335444091372e+02 
       4.902549679017e-01       4.279303768316e+02 
       4.933451133338e-01       4.224157512509e+02 
       4.964352589266e-01       4.169949882847e+02 
       4.995254046773e-01       4.116710875009e+02 
       5.026155505828e-01       4.064158607282e+02 
       5.057056966403e-01       4.012232239252e+02 
       5.087958428471e-01       3.961042671083e+02 
       5.118859892004e-01       3.910410408314e+02 
       5.149761356976e-01       3.860413660225e+02 
       5.180662823360e-01       3.811228468427e+02 
       5.211564291133e-01       3.762799259409e+02 
       5.242465760269e-01       3.715150541773e+02 
       5.273367230744e-01       3.668517527672e+02 
       5.304268702535e-01       3.622694595562e+02 
       5.335170175618e-01       3.577827484155e+02 
       5.366071649972e-01       3.533838908315e+02 
       5.396973125574e-01       3.490688658731e+02 
       5.427874602404e-01       3.448427011350e+02 
       5.458776080439e-01       3.407001218365e+02 
       5.489677559661e-01       3.366358062560e+02 
       5.520579040048e-01       3.326509484977e+02 
       5.551480521581e-01       3.287254723623e+02 
       5.582382004242e-01       3.248784207543e+02 
       5.613283488011e-01       3.210806558940e+02 
       5.644184972871e-01       3.173333660384e+02 
       5.675086458803e-01       3.136586491788e+02 
       5.705987945789e-01       3.100251083484e+02 
       5.736889433814e-01       3.064354719935e+02 
       5.767790922860e-01       3.029119334454e+02 
       5.798692412911e-01       2.994476965672e+02 
       5.829593903950e-01       2.960179170072e+02 
       5.860495395962e-01       2.926458468563e+02 
       5.891396888932e-01       2.893221045113e+02 
       5.922298382845e-01       2.860477318810e+02 
       5.953199877686e-01       2.828279847703e+02 
       5.984101373440e-01       2.796703558380e+02 
       6.015002870094e-01       2.765611146327e+02 
       6.045904367633e-01       2.735044635671e+02 
       6.076805866044e-01       2.705102202168e+02 
       6.107707365314e-01       2.675522041825e+02 
       6.138608865430e-01       2.646360033017e+02 
       6.169510366379e-01       2.617802132994e+02 
       6.200411868149e-01       2.589531245632e+02 
       6.231313370726e-01       2.561791401423e+02 
       6.262214874101e-01       2.534465855434e+02 
       6.293116378259e-01       2.507535272685e+02 
       6.324017883191e-01       2.481004440051e+02 
       6.354919388884e-01       2.454812898280e+02 
       6.385820895329e-01       2.428949032740e+02 
       6.416722402513e-01       2.403502371243e+02 
       6.447623910426e-01       2.378314195061e+02 
       6.478525419057e-01       2.353588286936e+02 
       6.509426928397e-01       2.329225004428e+02 
       6.540328438436e-01       2.305107859472e+02 
       6.571229949162e-01       2.281408896191e+02 
       6.602131460568e-01       2.258052504653e+02 
       6.633032972643e-01       2.235060197082e+02 
       6.663934485378e-01       2.212320006208e+02 
       6.694835998763e-01       2.189970545687e+02 
       6.725737512791e-01       2.167894476745e+02 
       6.756639027451e-01       2.146179503015e+02 
       6.787540542736e-01       2.124815390778e+02 
       6.818442058636e-01       2.103810652992e+02 
       6.849343575144e-01       2.082983944123e+02 
       6.880245092251e-01       2.062384456648e+02 
       6.911146609949e-01       2.042188182760e+02 
       6.942048128230e-01       2.022227320339e+02 
       6.972949647087e-01       2.002521906464e+02 
       7.003851166512e-01       1.983127923916e+02 
       7.034752686497e-01       1.963932933677e+02 
       7.065654207035e-01       1.945080510575e+02 
       7.096555728119e-01       1.926314872870e+02 
       7.127457249742e-01       1.907936423581e+02 
       7.158358771896e-01       1.889691073612e+02 
       7.189260294575e-01       1.871735348050e+02 
       7.220161817772e-01       1.854042030250e+02 
       7.251063341480e-01       1.836581798697e+02 
       7.281964865693e-01       1.819352352417e+02 
       7.312866390405e-01       1.802367451362e+02 
       7.343767915608e-01       1.785616222961e+02 
       7.374669441298e-01       1.769008006082e+02 
       7.405570967468e-01       1.752692327578e+02 
       7.436472494111e-01       1.736496478075e+02 
       8.181757062594e-01       1.402814896154e+02 
       9.293756876030e-01       1.051552955350e+02 
       1.109133608661e+00       7.006402502983e+01 
       1.382031462518e+00       4.189505493654e+01 
       1.739163396237e+00       2.424044839583e+01 
       2.189469483066e+00       1.388595392979e+01 
       2.756378756630e+00       7.889108026254e+00 
       3.470075261248e+00       4.449290198487e+00 
       4.368565927223e+00       2.492343211763e+00 
       5.499698658879e+00       1.387645606524e+00 
       6.923710398873e+00       7.682293110465e-01 
       8.716434965045e+00       4.231357749868e-01 
